34
NM_000546_6_Homo_sapiens_tumor_protein_p53_TP53_transcript_variant_1_mRNA                                  0.0000000 0.0025324 0.0225930 0.0235276 0.0208634 0.0225851 0.0225851 0.0370609 0.0370609 0.0374110 0.0374138 0.0403077 0.0383386 0.0365193 0.0392734 0.0403022 0.0365652 0.0403022 0.0383790 0.0336961 0.0401926 0.0786845 0.0785158 0.1248927 0.0817199 0.1258333 0.1278472 0.1005386 0.1191601 0.1115997 0.1217906 0.1054504 0.1646872 0.1778989 
XM_063700589_1_PREDICTED_Gorilla_gorilla_gorilla_tumor_protein_p53_TP53_transcript_variant_X1_mRNA         0.0025324 0.0000000 0.0252788 0.0262240 0.0235451 0.0252699 0.0252699 0.0399028 0.0399028 0.0402112 0.0402141 0.0431328 0.0519950 0.0393167 0.0420851 0.0431267 0.0393663 0.0540911 0.0411880 0.0364721 0.0430088 0.0818400 0.0816226 0.1284143 0.0848512 0.1293544 0.1290287 0.1038474 0.1226393 0.1150107 0.1252943 0.1088377 0.1684886 0.1792095 
XM_030800485_1_PREDICTED_Nomascus_leucogenys_tumor_protein_p53_TP53_mRNA                                   0.0225930 0.0252788 0.0000000 0.0076580 0.0068045 0.0262048 0.0262048 0.0626825 0.0626825 0.0402475 0.0412108 0.0422538 0.0411816 0.0384405 0.0412086 0.0412821 0.0375332 0.0412821 0.0412254 0.0346526 0.0411695 0.0778270 0.0776722 0.1276513 0.0840519 0.1285944 0.1340706 0.1061309 0.1227343 0.1165109 0.1292200 0.1111148 0.1683987 0.1832305 
XM_055256596_2_PREDICTED_Symphalangus_syndactylus_tumor_protein_p53_TP53_transcript_variant_X1_mRNA        0.0235276 0.0262240 0.0076580 0.0000000 0.0059583 0.0262670 0.0262670 0.0628469 0.0628469 0.0412619 0.0431477 0.0442012 0.0421998 0.0403639 0.0431455 0.0423031 0.0385387 0.0423031 0.0422448 0.0356438 0.0421873 0.0787729 0.0778808 0.1279541 0.0852781 0.1278051 0.1344780 0.1074806 0.1238093 0.1175735 0.1303088 0.1121720 0.1695436 0.1843995 
XM_032139337_3_PREDICTED_Hylobates_moloch_tumor_protein_p53_TP53_mRNA                                      0.0208634 0.0235451 0.0068045 0.0059583 0.0000000 0.0253670 0.0253670 0.0598432 0.0598432 0.0394113 0.0403517 0.0432818 0.0403461 0.0394511 0.0412884 0.0413864 0.0376274 0.0413864 0.0403890 0.0347388 0.0412732 0.0790452 0.0768525 0.1291409 0.0852826 0.1289899 0.1344851 0.1064409 0.1241929 0.1167849 0.1295345 0.1091076 0.1702200 0.1851499 
XM_002826974_6_PREDICTED_Pongo_abelii_tumor_protein_p53_TP53_mRNA                                          0.0225851 0.0252699 0.0262048 0.0262670 0.0253670 0.0000000 0.0008428 0.0555710 0.0555710 0.0402322 0.0439919 0.0431562 0.0411659 0.0412102 0.0421072 0.0412663 0.0375191 0.0412663 0.0412096 0.0364909 0.0411538 0.0776499 0.0752870 0.1191982 0.0753837 0.1190637 0.1240896 0.0997007 0.1218708 0.1133636 0.1236594 0.1091105 0.1601373 0.1732710 
XM_054457336_2_PREDICTED_Pongo_pygmaeus_tumor_protein_p53_TP53_mRNA                                        0.0225851 0.0252699 0.0262048 0.0262670 0.0253670 0.0008428 0.0000000 0.0555710 0.0555710 0.0402322 0.0439919 0.0431562 0.0411659 0.0412102 0.0421072 0.0412663 0.0375191 0.0412663 0.0412096 0.0364909 0.0411538 0.0776499 0.0752870 0.1191982 0.0753837 0.1190637 0.1240896 0.0997007 0.1218708 0.1133636 0.1236594 0.1091105 0.1601373 0.1732710 
XM_016931470_3_PREDICTED_Pan_troglodytes_tumor_protein_p53_TP53_transcript_variant_X1_mRNA                 0.0370609 0.0399028 0.0626825 0.0628469 0.0598432 0.0555710 0.0555710 0.0000000 0.0016120 0.0776672 0.0797652 0.0831451 0.0787067 0.0788006 0.0797598 0.0796938 0.0755153 0.0796938 0.0787994 0.0755478 0.0794559 0.0868449 0.1188084 0.1348897 0.1210056 0.1334552 0.1782701 0.1419742 0.1661025 0.1546628 0.1682013 0.1509166 0.2078980 0.2227074 
XM_057300362_2_PREDICTED_Pan_paniscus_tumor_protein_p53_TP53_transcript_variant_X1_mRNA                    0.0370609 0.0399028 0.0626825 0.0628469 0.0598432 0.0555710 0.0555710 0.0016120 0.0000000 0.0776672 0.0797652 0.0831451 0.0787067 0.0788006 0.0797598 0.0796938 0.0755153 0.0796938 0.0787994 0.0755478 0.0794559 0.0868449 0.1188084 0.1348897 0.1210056 0.1334552 0.1782701 0.1419742 0.1661025 0.1546628 0.1682013 0.1509166 0.2078980 0.2227074 
NM_001047151_2_Macaca_mulatta_tumor_protein_p53_TP53_mRNA                                                  0.0374110 0.0402112 0.0402475 0.0412619 0.0394113 0.0402322 0.0402322 0.0776672 0.0776672 0.0000000 0.0085128 0.0093947 0.0008422 0.0076605 0.0067964 0.0216913 0.0181458 0.0216913 0.0008430 0.0137218 0.0181011 0.0516356 0.0796495 0.1326416 0.0871042 0.1334123 0.1335707 0.1087347 0.1190018 0.1142421 0.1218424 0.1041263 0.1599650 0.1719260 
XM_003912272_5_PREDICTED_Papio_anubis_tumor_protein_p53_TP53_mRNA                                          0.0374138 0.0402141 0.0412108 0.0431477 0.0403517 0.0439919 0.0439919 0.0797652 0.0797652 0.0085128 0.0000000 0.0076583 0.0093727 0.0059363 0.0016862 0.0234751 0.0199152 0.0234751 0.0093819 0.0172217 0.0216363 0.0525102 0.0806901 0.1314623 0.0881614 0.1322349 0.1347682 0.1088100 0.1214550 0.1189610 0.1266615 0.1064930 0.1613328 0.1733321 
XM_011994540_1_PREDICTED_Mandrillus_leucophaeus_tumor_protein_p53_TP53_transcript_variant_X1_mRNA          0.0403077 0.0431328 0.0422538 0.0442012 0.0432818 0.0431562 0.0431562 0.0831451 0.0831451 0.0093947 0.0076583 0.0000000 0.0102583 0.0042414 0.0076579 0.0244264 0.0208505 0.0244264 0.0102684 0.0181428 0.0225770 0.0546076 0.0829885 0.1342491 0.0884028 0.1350195 0.1351803 0.1101787 0.1203622 0.1193055 0.1246868 0.1067934 0.1642616 0.1749543 
XM_050765346_1_PREDICTED_Macaca_thibetana_thibetana_tumor_protein_p53_TP53_transcript_variant_X1_mRNA      0.0383386 0.0519950 0.0411816 0.0421998 0.0403461 0.0411659 0.0411659 0.0787067 0.0787067 0.0008422 0.0093727 0.0102583 0.0000000 0.0085195 0.0076530 0.0225801 0.0190278 0.0393481 0.0016875 0.0145930 0.0189808 0.0526102 0.0806786 0.1338222 0.0881502 0.1345910 0.1347508 0.1098463 0.1201449 0.1141630 0.1217573 0.1052372 0.1612055 0.1731946 
XM_012052423_1_PREDICTED_Cercocebus_atys_tumor_protein_p53_TP53_transcript_variant_X1_mRNA                 0.0365193 0.0393167 0.0384405 0.0403639 0.0394511 0.0412102 0.0412102 0.0788006 0.0788006 0.0076605 0.0059363 0.0042414 0.0085195 0.0000000 0.0059360 0.0226030 0.0190469 0.0226030 0.0085279 0.0163585 0.0207684 0.0525616 0.0787055 0.1316211 0.0861513 0.1323944 0.1325518 0.1077467 0.1192863 0.1168010 0.1221363 0.1066114 0.1614315 0.1734422 
XM_025363515_1_PREDICTED_Theropithecus_gelada_tumor_protein_p53_TP53_transcript_variant_X1_mRNA            0.0392734 0.0420851 0.0412086 0.0431455 0.0412884 0.0421072 0.0421072 0.0797598 0.0797598 0.0067964 0.0016862 0.0076579 0.0076530 0.0059360 0.0000000 0.0234739 0.0199141 0.0234739 0.0076605 0.0172208 0.0216352 0.0525075 0.0786189 0.1314552 0.0881568 0.1322279 0.1347610 0.1098546 0.1214486 0.1166597 0.1243151 0.1064856 0.1599662 0.1719272 
XM_010362387_1_PREDICTED_Rhinopithecus_roxellana_tumor_protein_p53_TP53_mRNA                               0.0403022 0.0431267 0.0412821 0.0423031 0.0413864 0.0412663 0.0412663 0.0796938 0.0796938 0.0216913 0.0234751 0.0244264 0.0225801 0.0226030 0.0234739 0.0000000 0.0085404 0.0000010 0.0226030 0.0181407 0.0189690 0.0586676 0.0871563 0.1353974 0.0841748 0.1361677 0.1435526 0.1113424 0.1311367 0.1250745 0.1351206 0.1181521 0.1624101 0.1757050 
XM_033184717_1_PREDICTED_Trachypithecus_francoisi_tumor_protein_p53_TP53_transcript_variant_X1_mRNA        0.0365652 0.0393663 0.0375332 0.0385387 0.0376274 0.0375191 0.0375191 0.0755153 0.0755153 0.0181458 0.0199152 0.0208505 0.0190278 0.0190469 0.0199141 0.0085404 0.0000000 0.0085404 0.0190469 0.0146252 0.0154568 0.0537178 0.0829600 0.1282464 0.0820765 0.1313934 0.1363121 0.1078921 0.1264247 0.1204198 0.1317088 0.1158445 0.1610350 0.1704522 
XM_017850544_1_PREDICTED_Rhinopithecus_bieti_tumor_protein_p53_TP53_transcript_variant_X1_mRNA             0.0403022 0.0540911 0.0412821 0.0423031 0.0413864 0.0412663 0.0412663 0.0796938 0.0796938 0.0216913 0.0234751 0.0244264 0.0393481 0.0226030 0.0234739 0.0000010 0.0085404 0.0000000 0.0226030 0.0181407 0.0189690 0.0586676 0.0871563 0.1353974 0.0841748 0.1361677 0.1435526 0.1113424 0.1311367 0.1250745 0.1351206 0.1181521 0.1624101 0.1757050 
XM_071082299_1_PREDICTED_Macaca_nemestrina_tumor_protein_p53_LOC105473688_mRNA                             0.0383790 0.0411880 0.0412254 0.0422448 0.0403890 0.0412096 0.0412096 0.0787994 0.0787994 0.0008430 0.0093819 0.0102684 0.0016875 0.0085279 0.0076605 0.0226030 0.0190469 0.0226030 0.0000000 0.0146075 0.0189998 0.0526685 0.0807727 0.1339998 0.0882546 0.1347693 0.1349295 0.1099841 0.1202996 0.1155211 0.1231556 0.1053692 0.1614289 0.1734394 
XM_023193314_2_PREDICTED_Piliocolobus_tephrosceles_tumor_protein_p53_TP53_transcript_variant_X1_mRNA       0.0336961 0.0364721 0.0346526 0.0356438 0.0347388 0.0364909 0.0364909 0.0755478 0.0755478 0.0137218 0.0172217 0.0181428 0.0145930 0.0163585 0.0172208 0.0181407 0.0146252 0.0181407 0.0146075 0.0000000 0.0111124 0.0535682 0.0775499 0.1254828 0.0807987 0.1286105 0.1323033 0.1020180 0.1179240 0.1154513 0.1207561 0.1075505 0.1612187 0.1732057 
XM_011958558_1_PREDICTED_Colobus_angolensis_palliatus_tumor_protein_p53_TP53_transcript_variant_X1_mRNA    0.0401926 0.0430088 0.0411695 0.0421873 0.0412732 0.0411538 0.0411538 0.0794559 0.0794559 0.0181011 0.0216363 0.0225770 0.0189808 0.0207684 0.0216352 0.0189690 0.0154568 0.0189690 0.0189998 0.0111124 0.0000000 0.0565228 0.0806489 0.1278386 0.0818408 0.1309728 0.1358745 0.1075664 0.1213859 0.1154566 0.1219220 0.1109406 0.1613301 0.1758962 
XM_008010192_2_PREDICTED_Chlorocebus_sabaeus_tumor_protein_p53_TP53_transcript_variant_X1_mRNA             0.0786845 0.0818400 0.0778270 0.0787729 0.0790452 0.0776499 0.0776499 0.0868449 0.0868449 0.0516356 0.0525102 0.0546076 0.0526102 0.0525616 0.0525075 0.0586676 0.0537178 0.0586676 0.0526685 0.0535682 0.0565228 0.0000000 0.1248841 0.1026589 0.1274972 0.1071441 0.1840339 0.1589461 0.1743152 0.1695275 0.1816943 0.1609261 0.2157820 0.2279368 
XM_002747948_5_PREDICTED_Callithrix_jacchus_tumor_protein_p53_TP53_transcript_variant_X1_mRNA              0.0785158 0.0816226 0.0776722 0.0778808 0.0768525 0.0752870 0.0752870 0.1188084 0.1188084 0.0796495 0.0806901 0.0829885 0.0806786 0.0787055 0.0786189 0.0871563 0.0829600 0.0871563 0.0807727 0.0775499 0.0806489 0.1248841 0.0000000 0.0680321 0.0288932 0.0640634 0.0764437 0.1184297 0.1313178 0.1200799 0.1321677 0.1205307 0.1806975 0.1929674 
XM_032280430_1_PREDICTED_Sapajus_apella_tumor_protein_p53_TP53_transcript_variant_X1_mRNA                  0.1248927 0.1284143 0.1276513 0.1279541 0.1291409 0.1191982 0.1191982 0.1348897 0.1348897 0.1326416 0.1314623 0.1342491 0.1338222 0.1316211 0.1314552 0.1353974 0.1282464 0.1353974 0.1339998 0.1254828 0.1278386 0.1026589 0.0680321 0.0000000 0.0484433 0.0225727 0.1211727 0.1663229 0.1862879 0.1795728 0.1874765 0.1790878 0.2351268 0.2447848 
XM_017531594_2_PREDICTED_Cebus_imitator_tumor_protein_p53_TP53_transcript_variant_X1_mRNA                  0.0817199 0.0848512 0.0840519 0.0852781 0.0852826 0.0753837 0.0753837 0.1210056 0.1210056 0.0871042 0.0881614 0.0884028 0.0881502 0.0861513 0.0881568 0.0841748 0.0820765 0.0841748 0.0882546 0.0807987 0.0818408 0.1274972 0.0288932 0.0484433 0.0000000 0.0629625 0.0786292 0.1193958 0.1347749 0.1268131 0.1367696 0.1261934 0.1765258 0.1874976 
XM_039476036_1_PREDICTED_Saimiri_boliviensis_boliviensis_tumor_protein_p53_TP53_transcript_variant_X1_mRNA 0.1258333 0.1293544 0.1285944 0.1278051 0.1289899 0.1190637 0.1190637 0.1334552 0.1334552 0.1334123 0.1322349 0.1350195 0.1345910 0.1323944 0.1322279 0.1361677 0.1313934 0.1361677 0.1347693 0.1286105 0.1309728 0.1071441 0.0640634 0.0225727 0.0629625 0.0000000 0.1191187 0.1705907 0.1839007 0.1773812 0.1918912 0.1754440 0.2279021 0.2416515 
XM_064378361_1_PREDICTED_Aotus_nancymaae_tumor_protein_p53_TP53_transcript_variant_X1_mRNA                 0.1278472 0.1290287 0.1340706 0.1344780 0.1344851 0.1240896 0.1240896 0.1782701 0.1782701 0.1335707 0.1347682 0.1351803 0.1347508 0.1325518 0.1347610 0.1435526 0.1363121 0.1435526 0.1349295 0.1323033 0.1358745 0.1840339 0.0764437 0.1211727 0.0786292 0.1191187 0.0000000 0.1756378 0.1887247 0.1777240 0.1834291 0.1762678 0.2378190 0.2475052 
XM_008062341_2_PREDICTED_Carlito_syrichta_tumor_protein_p53_TP53_mRNA                                      0.1005386 0.1038474 0.1061309 0.1074806 0.1064409 0.0997007 0.0997007 0.1419742 0.1419742 0.1087347 0.1088100 0.1101787 0.1098463 0.1077467 0.1098546 0.1113424 0.1078921 0.1113424 0.1099841 0.1020180 0.1075664 0.1589461 0.1184297 0.1663229 0.1193958 0.1705907 0.1756378 0.0000000 0.1040805 0.1073960 0.1118176 0.0977706 0.1443182 0.1407372 
XM_012776058_2_PREDICTED_Microcebus_murinus_tumor_protein_p53_TP53_transcript_variant_X1_mRNA              0.1191601 0.1226393 0.1227343 0.1238093 0.1241929 0.1218708 0.1218708 0.1661025 0.1661025 0.1190018 0.1214550 0.1203622 0.1201449 0.1192863 0.1214486 0.1311367 0.1264247 0.1311367 0.1202996 0.1179240 0.1213859 0.1743152 0.1313178 0.1862879 0.1347749 0.1839007 0.1887247 0.1040805 0.0000000 0.0570019 0.0602914 0.0591628 0.1430749 0.1555646 
XM_045570131_1_PREDICTED_Lemur_catta_tumor_protein_p53_TP53_mRNA                                           0.1115997 0.1150107 0.1165109 0.1175735 0.1167849 0.1133636 0.1133636 0.1546628 0.1546628 0.1142421 0.1189610 0.1193055 0.1141630 0.1168010 0.1166597 0.1250745 0.1204198 0.1250745 0.1155211 0.1154513 0.1154566 0.1695275 0.1200799 0.1795728 0.1268131 0.1773812 0.1777240 0.1073960 0.0570019 0.0000000 0.0372959 0.0572141 0.1286573 0.1497275 
XM_069482023_1_PREDICTED_Eulemur_rufifrons_tumor_protein_p53_TP53_transcript_variant_X1_mRNA               0.1217906 0.1252943 0.1292200 0.1303088 0.1295345 0.1236594 0.1236594 0.1682013 0.1682013 0.1218424 0.1266615 0.1246868 0.1217573 0.1221363 0.1243151 0.1351206 0.1317088 0.1351206 0.1231556 0.1207561 0.1219220 0.1816943 0.1321677 0.1874765 0.1367696 0.1918912 0.1834291 0.1118176 0.0602914 0.0372959 0.0000000 0.0594701 0.1487247 0.1643479 
XM_012655616_1_PREDICTED_Propithecus_coquereli_tumor_protein_p53_TP53_mRNA                                 0.1054504 0.1088377 0.1111148 0.1121720 0.1091076 0.1091105 0.1091105 0.1509166 0.1509166 0.1041263 0.1064930 0.1067934 0.1052372 0.1066114 0.1064856 0.1181521 0.1158445 0.1181521 0.1053692 0.1075505 0.1109406 0.1609261 0.1205307 0.1790878 0.1261934 0.1754440 0.1762678 0.0977706 0.0591628 0.0572141 0.0594701 0.0000000 0.1288282 0.1437915 
XM_053569948_1_PREDICTED_Nycticebus_coucang_tumor_protein_p53_TP53_transcript_variant_X1_mRNA              0.1646872 0.1684886 0.1683987 0.1695436 0.1702200 0.1601373 0.1601373 0.2078980 0.2078980 0.1599650 0.1613328 0.1642616 0.1612055 0.1614315 0.1599662 0.1624101 0.1610350 0.1624101 0.1614289 0.1612187 0.1613301 0.2157820 0.1806975 0.2351268 0.1765258 0.2279021 0.2378190 0.1443182 0.1430749 0.1286573 0.1487247 0.1288282 0.0000000 0.0347558 
XM_012806041_2_PREDICTED_Otolemur_garnettii_tumor_protein_p53_TP53_mRNA                                    0.1778989 0.1792095 0.1832305 0.1843995 0.1851499 0.1732710 0.1732710 0.2227074 0.2227074 0.1719260 0.1733321 0.1749543 0.1731946 0.1734422 0.1719272 0.1757050 0.1704522 0.1757050 0.1734394 0.1732057 0.1758962 0.2279368 0.1929674 0.2447848 0.1874976 0.2416515 0.2475052 0.1407372 0.1555646 0.1497275 0.1643479 0.1437915 0.0347558 0.0000000 
