62
NM_001023563_4_Homo_sapiens_zinc_finger_protein_805_ZNF805_transcript_variant_1_mRNA                             0.0000000 0.0124490 0.0097277 0.0102634 0.0168839 0.0399995 0.0435438 0.0423723 0.0316429 0.0316426 0.0287705 0.0320445 0.0315831 0.0545102 0.1144280 0.1226570 0.1739230 0.1644436 0.1620599 0.1932464 0.1406144 0.1398739 0.1224675 0.1264978 0.1352901 0.1205177 0.1905004 0.1853391 0.1943543 0.1542139 0.1637727 0.1572520 0.1409186 0.1687290 0.1629719 0.1798479 0.1709671 0.1729737 0.1713664 0.1754956 0.1675304 0.1721074 0.1969661 0.1829757 0.2178351 0.2189297 0.2317276 0.2143327 0.1924695 0.1930467 0.1896379 0.1735017 0.1694005 0.1680004 0.1881699 0.2711423 0.3534294 0.2296746 0.2140891 0.4418383 0.5293192 1.3217556 
XM_004089117_3_PREDICTED_Nomascus_leucogenys_zinc_finger_protein_805_ZNF805_mRNA                                 0.0124490 0.0000000 0.0157514 0.0140744 0.0173988 0.0399320 0.0446458 0.0434741 0.0339457 0.0339454 0.0322085 0.0338938 0.0350361 0.0556200 0.1162907 0.1224451 0.1736078 0.1641716 0.1610196 0.1921441 0.1403611 0.1396223 0.1203526 0.1248495 0.1343239 0.1184695 0.1862537 0.1841682 0.1921046 0.1584468 0.1650306 0.1599980 0.1414471 0.1704946 0.1647377 0.1837142 0.1747834 0.1767928 0.1751761 0.1793626 0.1671632 0.1702261 0.1944157 0.1780732 0.2123538 0.2162485 0.2308664 0.2142413 0.1900911 0.1922938 0.1884827 0.1723804 0.1683001 0.1669046 0.1793776 0.2691977 0.3534557 0.2245376 0.2174066 0.4453071 0.5359862 1.3140694 
XM_004061536_3_PREDICTED_Gorilla_gorilla_gorilla_zinc_finger_protein_805_ZNF805_mRNA                             0.0097277 0.0157514 0.0000000 0.0146756 0.0179916 0.0417909 0.0453505 0.0441744 0.0345795 0.0357398 0.0340271 0.0364284 0.0356719 0.0575947 0.1167214 0.1242942 0.1756442 0.1660200 0.1644091 0.1959507 0.1428833 0.1421396 0.1233796 0.1265344 0.1369279 0.1205571 0.1909739 0.1858961 0.1964952 0.1565236 0.1661350 0.1595734 0.1427690 0.1699909 0.1642297 0.1822679 0.1733507 0.1753602 0.1737461 0.1779135 0.1697171 0.1743598 0.1999048 0.1833760 0.2211634 0.2220544 0.2359624 0.2165638 0.1947276 0.1953040 0.1930852 0.1775690 0.1734178 0.1713186 0.1914257 0.2774199 0.3591350 0.2318156 0.2197467 0.4438416 0.5372901 1.2954631 
XM_003316703_6_PREDICTED_Pan_troglodytes_zinc_finger_protein_805_ZNF805_transcript_variant_X1_mRNA               0.0102634 0.0140744 0.0146756 0.0000000 0.0163232 0.0393158 0.0428465 0.0416793 0.0322061 0.0333583 0.0316173 0.0357437 0.0344410 0.0537554 0.1141393 0.1223420 0.1700046 0.1623788 0.1577512 0.1937009 0.1365606 0.1358276 0.1185432 0.1218725 0.1327201 0.1166027 0.1881435 0.1842278 0.1913039 0.1522111 0.1616951 0.1552300 0.1376566 0.1666250 0.1609087 0.1795122 0.1721817 0.1726551 0.1710516 0.1767180 0.1642327 0.1687802 0.1990011 0.1813866 0.2149091 0.2151762 0.2304975 0.2113875 0.1885458 0.1907455 0.1865446 0.1689879 0.1649528 0.1635650 0.1850403 0.2689049 0.3527725 0.2261406 0.2123635 0.4428373 0.5376342 1.3139004 
XM_054462876_2_PREDICTED_Pongo_pygmaeus_zinc_finger_protein_805_ZNF805_transcript_variant_X1_mRNA                0.0168839 0.0173988 0.0179916 0.0163232 0.0000000 0.0459665 0.0495592 0.0483734 0.0374999 0.0386679 0.0392680 0.0421108 0.0397543 0.0593978 0.1209130 0.1306816 0.1741934 0.1677617 0.1646320 0.2009618 0.1467987 0.1460489 0.1241367 0.1273412 0.1391195 0.1204117 0.1939745 0.1911724 0.1992427 0.1635813 0.1718160 0.1651510 0.1454483 0.1735400 0.1677285 0.1924560 0.1849312 0.1853922 0.1837464 0.1880220 0.1737815 0.1800398 0.2063719 0.1875126 0.2241443 0.2244968 0.2398210 0.2252635 0.1972366 0.2003376 0.1980121 0.1784594 0.1742954 0.1728854 0.1903889 0.2855836 0.3637746 0.2375154 0.2229481 0.4480417 0.5524133 1.3221858 
XM_012465351_3_PREDICTED_Aotus_nancymaae_zinc_finger_protein_805_ZNF805_mRNA                                     0.0399995 0.0399320 0.0417909 0.0393158 0.0459665 0.0000000 0.0208039 0.0208114 0.0465541 0.0465537 0.0459843 0.0479997 0.0452822 0.0397545 0.1183536 0.1274368 0.1723421 0.1679061 0.1639695 0.1972424 0.1376041 0.1368679 0.1169873 0.1273791 0.1344437 0.1175926 0.2009656 0.1931517 0.2029764 0.1615304 0.1703967 0.1614969 0.1425836 0.1798560 0.1762574 0.1887335 0.1829059 0.1805558 0.1789234 0.1844141 0.1686864 0.1718091 0.2050733 0.1937712 0.2140681 0.2146059 0.2290379 0.2124241 0.1991715 0.2059313 0.1980817 0.1758150 0.1766924 0.1710480 0.1935513 0.2874098 0.3568814 0.2379004 0.2132400 0.4612832 0.5595527 1.3089651 
XM_017509572_2_PREDICTED_Cebus_imitator_zinc_finger_protein_805_ZNF805_transcript_variant_X1_mRNA                0.0435438 0.0446458 0.0453505 0.0428465 0.0495592 0.0208039 0.0000000 0.0059046 0.0501618 0.0501613 0.0507835 0.0531484 0.0500632 0.0451043 0.1246904 0.1339439 0.1793788 0.1745257 0.1735843 0.2050572 0.1442648 0.1435196 0.1204988 0.1317011 0.1418597 0.1204432 0.2037567 0.1947082 0.2045608 0.1599905 0.1712024 0.1622838 0.1387850 0.1806174 0.1778588 0.1887476 0.1844846 0.1805676 0.1789348 0.1867241 0.1770455 0.1817519 0.2109727 0.1980290 0.2203963 0.2188609 0.2351461 0.2190613 0.2034563 0.2093738 0.1998123 0.1829713 0.1806801 0.1781171 0.2038087 0.2931645 0.3628148 0.2427752 0.2171645 0.4652285 0.5707708 1.3267439 
XM_032263228_1_PREDICTED_Sapajus_apella_zinc_finger_protein_805_ZNF805_transcript_variant_X1_mRNA                0.0423723 0.0434741 0.0441744 0.0416793 0.0483734 0.0208114 0.0059046 0.0000000 0.0489747 0.0489742 0.0495945 0.0518732 0.0488785 0.0438932 0.1240491 0.1326041 0.1814769 0.1764880 0.1747047 0.2071975 0.1452749 0.1445272 0.1225950 0.1312122 0.1436305 0.1225240 0.2034057 0.1942564 0.2041163 0.1587340 0.1707295 0.1618067 0.1409642 0.1793439 0.1757438 0.1882897 0.1832100 0.1801048 0.1784708 0.1862619 0.1754715 0.1809572 0.2105357 0.1984462 0.2217114 0.2200838 0.2364346 0.2202894 0.2038046 0.2114091 0.2026464 0.1841289 0.1818259 0.1792528 0.2022487 0.2929559 0.3617404 0.2441664 0.2162573 0.4614484 0.5657219 1.3343032 
XM_005590500_5_PREDICTED_Macaca_fascicularis_zinc_finger_protein_805_ZNF805_transcript_variant_X1_mRNA           0.0316429 0.0339457 0.0345795 0.0322061 0.0374999 0.0465541 0.0501618 0.0489747 0.0000000 0.0021346 0.0135651 0.0092314 0.0096966 0.0588601 0.1157715 0.1226030 0.1809476 0.1694008 0.1671471 0.1977699 0.1392507 0.1385153 0.1190342 0.1288817 0.1410382 0.1240211 0.2078139 0.1971166 0.2104040 0.1633213 0.1729811 0.1689816 0.1493460 0.1836096 0.1792819 0.1929600 0.1878203 0.1859001 0.1842553 0.1901156 0.1739805 0.1778177 0.2054277 0.2003889 0.2270558 0.2260482 0.2363776 0.2222792 0.1989188 0.2030237 0.2002087 0.1785467 0.1744357 0.1729698 0.1945245 0.2877297 0.3612695 0.2386310 0.2213954 0.4411741 0.5331676 1.3455046 
XM_050772038_1_PREDICTED_Macaca_thibetana_thibetana_zinc_finger_protein_805_ZNF805_transcript_variant_X1_mRNA    0.0316426 0.0339454 0.0357398 0.0333583 0.0386679 0.0465537 0.0501613 0.0489742 0.0021346 0.0000000 0.0135650 0.0092313 0.0096966 0.0600774 0.1157699 0.1226012 0.1809439 0.1693977 0.1671441 0.1977658 0.1392485 0.1385131 0.1199096 0.1288798 0.1410360 0.1249013 0.2088186 0.1979847 0.2112949 0.1641379 0.1738168 0.1682838 0.1502794 0.1844622 0.1801268 0.1938246 0.1886764 0.1867519 0.1851046 0.1909809 0.1739773 0.1778143 0.2054234 0.2014122 0.2270501 0.2260430 0.2363719 0.2240190 0.1973285 0.2030195 0.2002046 0.1785433 0.1744325 0.1729666 0.1945205 0.2877214 0.3623632 0.2386249 0.2204429 0.4441385 0.5349063 1.3513591 
XM_030941696_1_PREDICTED_Rhinopithecus_roxellana_zinc_finger_protein_805_ZNF805_transcript_variant_X1_mRNA       0.0287705 0.0322085 0.0340271 0.0316173 0.0392680 0.0459843 0.0507835 0.0495945 0.0135651 0.0135650 0.0000000 0.0145119 0.0146416 0.0594988 0.1129066 0.1217705 0.1818517 0.1710626 0.1694399 0.1978824 0.1445122 0.1437693 0.1265456 0.1341010 0.1418032 0.1268740 0.2062159 0.1980547 0.2106456 0.1650090 0.1747133 0.1675353 0.1515076 0.1845681 0.1802291 0.1912056 0.1829625 0.1841743 0.1841504 0.1852074 0.1722797 0.1761045 0.2039857 0.1971169 0.2281116 0.2253609 0.2356793 0.2234149 0.2031147 0.2039726 0.2011533 0.1793442 0.1752235 0.1737557 0.1936582 0.2819600 0.3602995 0.2397403 0.2195107 0.4494964 0.5263811 1.3416254 
XM_011979649_1_PREDICTED_Mandrillus_leucophaeus_zinc_finger_protein_805_ZNF805_mRNA                              0.0320445 0.0338938 0.0364284 0.0357437 0.0421108 0.0479997 0.0531484 0.0518732 0.0092314 0.0092313 0.0145119 0.0000000 0.0080547 0.0638280 0.1147920 0.1206987 0.1820100 0.1679139 0.1697033 0.1998055 0.1357772 0.1349981 0.1199431 0.1321474 0.1411168 0.1238433 0.2046277 0.1902162 0.2043075 0.1559881 0.1582136 0.1620802 0.1481634 0.1770362 0.1724921 0.1847576 0.1769154 0.1857785 0.1840505 0.1817749 0.1780887 0.1830352 0.2007370 0.1989490 0.2238975 0.2247480 0.2374935 0.2201139 0.1986085 0.1976294 0.2008990 0.1714816 0.1688517 0.1664708 0.1965545 0.2914050 0.2843844 0.2347635 0.2269666 0.4417732 0.5347387 1.3732062 
XM_025368830_1_PREDICTED_Theropithecus_gelada_zinc_finger_protein_805_ZNF805_mRNA                                0.0315831 0.0350361 0.0356719 0.0344410 0.0397543 0.0452822 0.0500632 0.0488785 0.0096966 0.0096966 0.0146416 0.0080547 0.0000000 0.0575161 0.1155141 0.1223265 0.1804646 0.1705520 0.1674268 0.1955646 0.1383658 0.1376323 0.1188766 0.1288489 0.1399767 0.1227681 0.2063853 0.1966138 0.2091320 0.1637397 0.1733875 0.1693922 0.1479373 0.1840001 0.1796786 0.1933346 0.1850757 0.1862850 0.1846428 0.1889164 0.1735553 0.1773812 0.2025119 0.1975508 0.2246793 0.2238331 0.2358253 0.2201576 0.1984968 0.2018079 0.1997163 0.1781029 0.1740065 0.1725448 0.1933867 0.2909411 0.3630884 0.2369994 0.2180146 0.4510396 0.5372312 1.3270500 
NM_001270905_1_Callithrix_jacchus_zinc_finger_protein_805_ZNF805_mRNA                                            0.0545102 0.0556200 0.0575947 0.0537554 0.0593978 0.0397545 0.0451043 0.0438932 0.0588601 0.0600774 0.0594988 0.0638280 0.0575161 0.0000000 0.1432910 0.1484695 0.1947746 0.1830792 0.1860309 0.2081568 0.1567664 0.1560027 0.1313325 0.1424226 0.1536009 0.1356976 0.2041146 0.1950327 0.2039468 0.1723031 0.1814676 0.1754631 0.1520147 0.1933896 0.1913240 0.2020563 0.1952401 0.1936103 0.1919343 0.1984402 0.1826512 0.1850574 0.2082752 0.1951498 0.2201156 0.2212424 0.2350753 0.2170239 0.2133660 0.2170663 0.2090158 0.1926116 0.1918802 0.1869145 0.2099674 0.2933467 0.3703068 0.2395199 0.2249693 0.4630180 0.5403052 1.3241500 
XM_053604405_1_PREDICTED_Nycticebus_coucang_zinc_finger_protein_805_ZNF805_mRNA                                  0.1144280 0.1162907 0.1167214 0.1141393 0.1209130 0.1183536 0.1246904 0.1240491 0.1157715 0.1157699 0.1129066 0.1147920 0.1155141 0.1432910 0.0000000 0.0385603 0.1782872 0.1688117 0.1668584 0.2005768 0.1465451 0.1457970 0.1218349 0.1409185 0.1459123 0.1248842 0.2054136 0.2001295 0.2100125 0.1589199 0.1699065 0.1613943 0.1373962 0.1708102 0.1683780 0.1901755 0.1841784 0.1831292 0.1823583 0.1870507 0.1824117 0.1881413 0.2131211 0.2030943 0.2214544 0.2236277 0.2390977 0.2288872 0.2161123 0.2195822 0.2164999 0.1920357 0.1887630 0.1854529 0.2046757 0.3033417 0.3932784 0.2494741 0.2244508 0.4613888 0.5890036 1.3335252 
XM_012808667_2_PREDICTED_Otolemur_garnettii_zinc_finger_protein_805_ZNF805_mRNA                                  0.1226570 0.1224451 0.1242942 0.1223420 0.1306816 0.1274368 0.1339439 0.1326041 0.1226030 0.1226012 0.1217705 0.1206987 0.1223265 0.1484695 0.0385603 0.0000000 0.1953390 0.1821569 0.1826008 0.2193627 0.1622080 0.1614335 0.1316857 0.1503455 0.1577476 0.1329611 0.2080924 0.2103114 0.2188067 0.1752272 0.1794927 0.1784947 0.1487191 0.1907485 0.1882115 0.2068206 0.2006637 0.1937404 0.1929522 0.1996354 0.1994427 0.2021399 0.2291607 0.2044952 0.2411436 0.2460446 0.2590965 0.2415307 0.2346498 0.2355505 0.2330777 0.2024085 0.1995124 0.1949809 0.2121791 0.3156667 0.3950576 0.2608836 0.2458524 0.4682076 0.5970251 1.3314567 
XM_055553698_1_PREDICTED_Bubalus_kerabau_zinc_finger_protein_805_ZNF805_transcript_variant_X7_mRNA               0.1739230 0.1736078 0.1756442 0.1700046 0.1741934 0.1723421 0.1793788 0.1814769 0.1809476 0.1809439 0.1818517 0.1820100 0.1804646 0.1947746 0.1782872 0.1953390 0.0000000 0.0421932 0.0285276 0.0731804 0.1309387 0.1317224 0.1087276 0.1194413 0.0815951 0.0721609 0.1560150 0.1525880 0.1588235 0.1371949 0.1426327 0.1378595 0.1135235 0.1527297 0.1491502 0.1594484 0.1542694 0.1469133 0.1445117 0.1523950 0.1233028 0.1256368 0.1804701 0.1483186 0.1803424 0.1806115 0.1946954 0.1835354 0.1462363 0.1448566 0.1344385 0.1602253 0.1661602 0.1589750 0.2057444 0.2901932 0.3446990 0.2027537 0.2044223 0.4660998 0.5434008 1.3330135 
XM_055410588_1_PREDICTED_Moschus_berezovskii_zinc_finger_protein_805_ZNF805_mRNA                                 0.1644436 0.1641716 0.1660200 0.1623788 0.1677617 0.1679061 0.1745257 0.1764880 0.1694008 0.1693977 0.1710626 0.1679139 0.1705520 0.1830792 0.1688117 0.1821569 0.0421932 0.0000000 0.0279680 0.0612145 0.1191922 0.1199055 0.0917504 0.1075281 0.0745321 0.0611784 0.1389862 0.1361836 0.1440625 0.1273649 0.1313632 0.1276381 0.1045469 0.1421982 0.1427808 0.1496537 0.1448850 0.1388859 0.1359154 0.1415113 0.1156732 0.1168721 0.1620673 0.1331106 0.1721068 0.1745965 0.1901420 0.1824023 0.1526581 0.1484384 0.1401296 0.1483548 0.1628104 0.1423985 0.2056186 0.2853722 0.3244354 0.2030858 0.1992041 0.4525291 0.5302870 1.3550401 
XM_010857695_1_PREDICTED_Bison_bison_bison_zinc_finger_protein_805_ZNF805_mRNA                                   0.1620599 0.1610196 0.1644091 0.1577512 0.1646320 0.1639695 0.1735843 0.1747047 0.1671471 0.1671441 0.1694399 0.1697033 0.1674268 0.1860309 0.1668584 0.1826008 0.0285276 0.0279680 0.0000000 0.0613800 0.1201183 0.1208340 0.0962375 0.1075308 0.0759132 0.0684909 0.1381611 0.1323665 0.1431639 0.1259086 0.1307926 0.1276083 0.1028147 0.1428320 0.1389860 0.1483738 0.1436326 0.1369254 0.1339746 0.1410714 0.1175775 0.1189177 0.1638045 0.1319799 0.1721684 0.1744856 0.1923937 0.1825342 0.1405686 0.1454984 0.1349769 0.1518184 0.1656247 0.1457960 0.2038478 0.2794447 0.3229819 0.2113168 0.1987070 0.4382153 0.5191897 1.3479952 
XM_070451668_1_PREDICTED_Odocoileus_virginianus_zinc_finger_protein_805_ZNF805_mRNA                              0.1932464 0.1921441 0.1959507 0.1937009 0.2009618 0.1972424 0.2050572 0.2071975 0.1977699 0.1977658 0.1978824 0.1998055 0.1955646 0.2081568 0.2005768 0.2193627 0.0731804 0.0612145 0.0613800 0.0000000 0.1494977 0.1502572 0.1224141 0.1370520 0.1117793 0.0974214 0.1792236 0.1735967 0.1837966 0.1545168 0.1583848 0.1555176 0.1292933 0.1707111 0.1714614 0.1762507 0.1728002 0.1655140 0.1623784 0.1700426 0.1498985 0.1422502 0.1966021 0.1586181 0.1983341 0.2001581 0.2082417 0.1968477 0.1716069 0.1641615 0.1569601 0.1831322 0.1955314 0.1750445 0.2454766 0.2995282 0.3369118 0.2395780 0.2345554 0.4943916 0.5174112 1.4329105 
XM_005596578_4_PREDICTED_Equus_caballus_zinc_finger_protein_805_ZNF805_transcript_variant_X4_mRNA                0.1406144 0.1403611 0.1428833 0.1365606 0.1467987 0.1376041 0.1442648 0.1452749 0.1392507 0.1392485 0.1445122 0.1357772 0.1383658 0.1567664 0.1465451 0.1622080 0.1309387 0.1191922 0.1201183 0.1494977 0.0000000 0.0003353 0.0088812 0.0593847 0.0929817 0.0795488 0.1465785 0.1374130 0.1487737 0.1075950 0.1119853 0.1117723 0.0880812 0.1248251 0.1260093 0.1327788 0.1289590 0.1296885 0.1303988 0.1306285 0.1335948 0.1400754 0.1244690 0.1441334 0.1668541 0.1697747 0.1831788 0.1773378 0.1785723 0.1856347 0.1722025 0.1419901 0.1546731 0.1379461 0.1989187 0.2808921 0.2483276 0.1964809 0.1969011 0.4291550 0.5363479 1.3621990 
XM_070633507_1_PREDICTED_Equus_przewalskii_zinc_finger_protein_805_ZNF805_transcript_variant_X4_mRNA             0.1398739 0.1396223 0.1421396 0.1358276 0.1460489 0.1368679 0.1435196 0.1445272 0.1385153 0.1385131 0.1437693 0.1349981 0.1376323 0.1560027 0.1457970 0.1614335 0.1317224 0.1199055 0.1208340 0.1502572 0.0003353 0.0000000 0.0095718 0.0587697 0.0923155 0.0787320 0.1457331 0.1366783 0.1480226 0.1069035 0.1112867 0.1110710 0.0872408 0.1241049 0.1252888 0.1320481 0.1282341 0.1289628 0.1296722 0.1298968 0.1328728 0.1393452 0.1240052 0.1431757 0.1660128 0.1689839 0.1823582 0.1765323 0.1793817 0.1864527 0.1730033 0.1412443 0.1539039 0.1372076 0.1980791 0.2799190 0.2475967 0.1955878 0.1959845 0.4307660 0.5382979 1.3650779 
XM_046681681_1_PREDICTED_Equus_quagga_zinc_finger_protein_805_ZNF805_mRNA                                        0.1224675 0.1203526 0.1233796 0.1185432 0.1241367 0.1169873 0.1204988 0.1225950 0.1190342 0.1199096 0.1265456 0.1199431 0.1188766 0.1313325 0.1218349 0.1316857 0.1087276 0.0917504 0.0962375 0.1224141 0.0088812 0.0095718 0.0000000 0.0466283 0.0779083 0.0778609 0.1188921 0.1107458 0.1271339 0.0853910 0.0854751 0.0873975 0.0923393 0.1059830 0.1093213 0.1080032 0.1062956 0.1072191 0.1072209 0.1082883 0.1129886 0.1192245 0.1431885 0.1408486 0.1403146 0.1438001 0.1572692 0.1466357 0.1591518 0.1681752 0.1649235 0.1235312 0.1379755 0.1187326 0.1703810 0.2401375 0.1691909 0.1780373 0.1879540 0.4103592 0.5281679 1.1301225 
XM_058530448_1_PREDICTED_Diceros_bicornis_minor_zinc_finger_protein_805_ZNF805_transcript_variant_X1_mRNA        0.1264978 0.1248495 0.1265344 0.1218725 0.1273412 0.1273791 0.1317011 0.1312122 0.1288817 0.1288798 0.1341010 0.1321474 0.1288489 0.1424226 0.1409185 0.1503455 0.1194413 0.1075281 0.1075308 0.1370520 0.0593847 0.0587697 0.0466283 0.0000000 0.0779862 0.0719740 0.1455074 0.1329838 0.1435218 0.1044634 0.1100052 0.1041852 0.0846306 0.1149564 0.1147255 0.1273289 0.1236134 0.1183495 0.1176327 0.1251889 0.1124181 0.1206893 0.1584013 0.1456906 0.1652084 0.1649696 0.1768484 0.1649003 0.1700798 0.1774865 0.1690788 0.1329409 0.1453229 0.1289893 0.1893408 0.2772876 0.3218250 0.2001468 0.1798636 0.4207393 0.5247887 1.3193762 
XM_007127435_4_PREDICTED_Physeter_macrocephalus_zinc_finger_protein_805_ZNF805_mRNA                              0.1352901 0.1343239 0.1369279 0.1327201 0.1391195 0.1344437 0.1418597 0.1436305 0.1410382 0.1410360 0.1418032 0.1411168 0.1399767 0.1536009 0.1459123 0.1577476 0.0815951 0.0745321 0.0759132 0.1117793 0.0929817 0.0923155 0.0779083 0.0779862 0.0000000 0.0144133 0.1281314 0.1224075 0.1319365 0.1041914 0.1099400 0.1059014 0.0880951 0.1176590 0.1167450 0.1332353 0.1280023 0.1211948 0.1211808 0.1268595 0.0963600 0.1002025 0.1543092 0.1358078 0.1572693 0.1615408 0.1742505 0.1607388 0.1666715 0.1721117 0.1567471 0.1074636 0.1230321 0.0988811 0.1932821 0.2783222 0.3236366 0.1910374 0.1701768 0.4360841 0.5342291 1.3604281 
XM_065898241_1_PREDICTED_Phocoena_phocoena_zinc_finger_protein_805_ZNF805_mRNA                                   0.1205177 0.1184695 0.1205571 0.1166027 0.1204117 0.1175926 0.1204432 0.1225240 0.1240211 0.1249013 0.1268740 0.1238433 0.1227681 0.1356976 0.1248842 0.1329611 0.0721609 0.0611784 0.0684909 0.0974214 0.0795488 0.0787320 0.0778609 0.0719740 0.0144133 0.0000000 0.1090694 0.1043539 0.1180428 0.0796635 0.0804917 0.0837308 0.0847140 0.1017303 0.1024334 0.1088290 0.1062786 0.1071683 0.1071701 0.1083466 0.0882988 0.0907419 0.1372696 0.1384844 0.1362589 0.1397745 0.1595577 0.1408510 0.1542458 0.1575694 0.1515225 0.0917289 0.1097972 0.0830342 0.1701744 0.2426168 0.1784572 0.1824848 0.1769399 0.4193135 0.5354392 1.1248861 
XM_060652504_1_PREDICTED_Panthera_onca_zinc_finger_protein_805_ZNF805_mRNA                                       0.1905004 0.1862537 0.1909739 0.1881435 0.1939745 0.2009656 0.2037567 0.2034057 0.2078139 0.2088186 0.2062159 0.2046277 0.2063853 0.2041146 0.2054136 0.2080924 0.1560150 0.1389862 0.1381611 0.1792236 0.1465785 0.1457331 0.1188921 0.1455074 0.1281314 0.1090694 0.0000000 0.0296156 0.0237659 0.1080766 0.1033891 0.1093872 0.0946594 0.1214673 0.1271779 0.1176704 0.1135604 0.1185203 0.1153780 0.1127042 0.1537867 0.1556950 0.1934609 0.0700464 0.1941293 0.2026377 0.2155925 0.1911304 0.2135301 0.2075318 0.2122775 0.1879614 0.2013867 0.1803324 0.2588662 0.2984417 0.2638154 0.2437635 0.2723905 0.4576466 0.5146256 1.3724299 
XM_058707087_1_PREDICTED_Neofelis_nebulosa_zinc_finger_protein_805_ZNF805_transcript_variant_X1_mRNA             0.1853391 0.1841682 0.1858961 0.1842278 0.1911724 0.1931517 0.1947082 0.1942564 0.1971166 0.1979847 0.1980547 0.1902162 0.1966138 0.1950327 0.2001295 0.2103114 0.1525880 0.1361836 0.1323665 0.1735967 0.1374130 0.1366783 0.1107458 0.1329838 0.1224075 0.1043539 0.0296156 0.0000000 0.0214037 0.0947834 0.1053498 0.0969362 0.0894020 0.1118536 0.1146307 0.1027117 0.0979151 0.1146076 0.1118426 0.0944298 0.1460642 0.1491142 0.1880641 0.0716141 0.1823143 0.1975555 0.2111895 0.1958262 0.1938210 0.1903273 0.1976868 0.1753537 0.1892199 0.1703026 0.2431776 0.2884043 0.3421444 0.2298915 0.2467498 0.4600249 0.5197899 1.3829455 
XM_042917715_1_PREDICTED_Panthera_leo_zinc_finger_protein_805_ZNF805_transcript_variant_X1_mRNA                  0.1943543 0.1921046 0.1964952 0.1913039 0.1992427 0.2029764 0.2045608 0.2041163 0.2104040 0.2112949 0.2106456 0.2043075 0.2091320 0.2039468 0.2100125 0.2188067 0.1588235 0.1440625 0.1431639 0.1837966 0.1487737 0.1480226 0.1271339 0.1435218 0.1319365 0.1180428 0.0237659 0.0214037 0.0000000 0.1036965 0.1159679 0.1052272 0.1024290 0.1189442 0.1217641 0.1077657 0.1042367 0.1212321 0.1170524 0.1007587 0.1520174 0.1565979 0.1944731 0.0718244 0.1912726 0.2037294 0.2118232 0.1977833 0.1963977 0.1913094 0.1983970 0.1874395 0.1967355 0.1807132 0.2512767 0.2957505 0.3598056 0.2263479 0.2517173 0.4639424 0.5147460 1.4118938 
XM_064580304_1_PREDICTED_Mirounga_angustirostris_zinc_finger_protein_805_ZNF805_transcript_variant_X1_mRNA       0.1542139 0.1584468 0.1565236 0.1522111 0.1635813 0.1615304 0.1599905 0.1587340 0.1633213 0.1641379 0.1650090 0.1559881 0.1637397 0.1723031 0.1589199 0.1752272 0.1371949 0.1273649 0.1259086 0.1545168 0.1075950 0.1069035 0.0853910 0.1044634 0.1041914 0.0796635 0.1080766 0.0947834 0.1036965 0.0000000 0.0227904 0.0209754 0.0327601 0.0633174 0.0639533 0.0710366 0.0640619 0.0814531 0.0801397 0.0662334 0.1425499 0.1461730 0.1751660 0.1183326 0.1733431 0.1907679 0.2035274 0.1871997 0.1811599 0.1803535 0.1774845 0.1551270 0.1682891 0.1533024 0.2303695 0.3019297 0.3373566 0.2180023 0.2289140 0.4478867 0.5413015 1.3574095 
XM_036091900_1_PREDICTED_Halichoerus_grypus_zinc_finger_protein_805_ZNF805_transcript_variant_X1_mRNA            0.1637727 0.1650306 0.1661350 0.1616951 0.1718160 0.1703967 0.1712024 0.1707295 0.1729811 0.1738168 0.1747133 0.1582136 0.1733875 0.1814676 0.1699065 0.1794927 0.1426327 0.1313632 0.1307926 0.1583848 0.1119853 0.1112867 0.0854751 0.1100052 0.1099400 0.0804917 0.1033891 0.1053498 0.1159679 0.0227904 0.0000000 0.0350981 0.0320312 0.0785763 0.0792414 0.0854769 0.0801618 0.0865754 0.0839391 0.0805301 0.1497948 0.1519690 0.1825306 0.1164939 0.1715761 0.2089371 0.2198045 0.1982133 0.1952943 0.1913238 0.1765108 0.1585461 0.1727074 0.1574661 0.2328225 0.3116739 0.3232564 0.2151355 0.2356064 0.4464225 0.5342222 1.3649297 
XM_035724963_1_PREDICTED_Zalophus_californianus_zinc_finger_protein_805_ZNF805_transcript_variant_X1_mRNA        0.1572520 0.1599980 0.1595734 0.1552300 0.1651510 0.1614969 0.1622838 0.1618067 0.1689816 0.1682838 0.1675353 0.1620802 0.1693922 0.1754631 0.1613943 0.1784947 0.1378595 0.1276381 0.1276083 0.1555176 0.1117723 0.1110710 0.0873975 0.1041852 0.1059014 0.0837308 0.1093872 0.0969362 0.1052272 0.0209754 0.0350981 0.0000000 0.0358479 0.0647985 0.0648124 0.0686685 0.0629603 0.0803200 0.0790269 0.0644202 0.1405518 0.1441688 0.1771605 0.1220206 0.1730455 0.1919625 0.2031293 0.1944691 0.1799530 0.1823290 0.1762699 0.1562736 0.1718912 0.1544391 0.2286764 0.3017593 0.3322861 0.2178289 0.2273230 0.4528230 0.5341807 1.3785672 
XM_034639534_1_PREDICTED_Ailuropoda_melanoleuca_zinc_finger_protein_805_ZNF805_mRNA                              0.1409186 0.1414471 0.1427690 0.1376566 0.1454483 0.1425836 0.1387850 0.1409642 0.1493460 0.1502794 0.1515076 0.1481634 0.1479373 0.1520147 0.1373962 0.1487191 0.1135235 0.1045469 0.1028147 0.1292933 0.0880812 0.0872408 0.0923393 0.0846306 0.0880951 0.0847140 0.0946594 0.0894020 0.1024290 0.0327601 0.0320312 0.0358479 0.0000000 0.0598690 0.0638770 0.0667676 0.0644419 0.0668187 0.0668196 0.0683976 0.1204559 0.1223211 0.1507839 0.1234647 0.1529084 0.1584695 0.1726217 0.1591912 0.1773502 0.1807784 0.1733649 0.1448221 0.1652286 0.1426818 0.1914341 0.2593750 0.1793240 0.1992328 0.2122086 0.4162862 0.5339171 1.1480028 
XM_072822897_1_PREDICTED_Canis_lupus_baileyi_zinc_finger_protein_805_ZNF805_transcript_variant_X1_mRNA           0.1687290 0.1704946 0.1699909 0.1666250 0.1735400 0.1798560 0.1806174 0.1793439 0.1836096 0.1844622 0.1845681 0.1770362 0.1840001 0.1933896 0.1708102 0.1907485 0.1527297 0.1421982 0.1428320 0.1707111 0.1248251 0.1241049 0.1059830 0.1149564 0.1176590 0.1017303 0.1214673 0.1118536 0.1189442 0.0633174 0.0785763 0.0647985 0.0598690 0.0000000 0.0076079 0.0888531 0.0828824 0.1018959 0.0991865 0.0878870 0.1555021 0.1562561 0.1802427 0.1327966 0.1840879 0.2037345 0.2180713 0.2105736 0.2063251 0.1986701 0.2010421 0.1723321 0.1870321 0.1704094 0.2486130 0.3081007 0.3467020 0.2271580 0.2426383 0.4674153 0.5723035 1.3320130 
XM_072763850_1_PREDICTED_Vulpes_vulpes_zinc_finger_protein_805_ZNF805_transcript_variant_X1_mRNA                 0.1629719 0.1647377 0.1642297 0.1609087 0.1677285 0.1762574 0.1778588 0.1757438 0.1792819 0.1801268 0.1802291 0.1724921 0.1796786 0.1913240 0.1683780 0.1882115 0.1491502 0.1427808 0.1389860 0.1714614 0.1260093 0.1252888 0.1093213 0.1147255 0.1167450 0.1024334 0.1271779 0.1146307 0.1217641 0.0639533 0.0792414 0.0648124 0.0638770 0.0076079 0.0000000 0.0901940 0.0842054 0.1032875 0.1005705 0.0892301 0.1551834 0.1551746 0.1790889 0.1366834 0.1837119 0.2033366 0.2176336 0.2092947 0.2054848 0.1994466 0.2018267 0.1700128 0.1862091 0.1681095 0.2434091 0.3082593 0.3499814 0.2285781 0.2417596 0.4715916 0.5738219 1.3226530 
XM_013048059_2_PREDICTED_Mustela_putorius_furo_zinc_finger_protein_805_ZNF805_transcript_variant_X1_mRNA         0.1798479 0.1837142 0.1822679 0.1795122 0.1924560 0.1887335 0.1887476 0.1882897 0.1929600 0.1938246 0.1912056 0.1847576 0.1933346 0.2020563 0.1901755 0.2068206 0.1594484 0.1496537 0.1483738 0.1762507 0.1327788 0.1320481 0.1080032 0.1273289 0.1332353 0.1088290 0.1176704 0.1027117 0.1077657 0.0710366 0.0854769 0.0686685 0.0667676 0.0888531 0.0901940 0.0000000 0.0103024 0.0153793 0.0131534 0.0272626 0.1484283 0.1486431 0.1943721 0.1144648 0.1885036 0.2035034 0.2124655 0.2083537 0.2000365 0.1915087 0.1935125 0.1822297 0.1955554 0.1810993 0.2388136 0.2969399 0.3506576 0.2215423 0.2420323 0.4357749 0.5044372 1.3619943 
XM_032324660_1_PREDICTED_Mustela_erminea_zinc_finger_protein_805_ZNF805_transcript_variant_X1_mRNA               0.1709671 0.1747834 0.1733507 0.1721817 0.1849312 0.1829059 0.1844846 0.1832100 0.1878203 0.1886764 0.1829625 0.1769154 0.1850757 0.1952401 0.1841784 0.2006637 0.1542694 0.1448850 0.1436326 0.1728002 0.1289590 0.1282341 0.1062956 0.1236134 0.1280023 0.1062786 0.1135604 0.0979151 0.1042367 0.0640619 0.0801618 0.0629603 0.0644419 0.0828824 0.0842054 0.0103024 0.0000000 0.0193200 0.0181952 0.0220935 0.1459650 0.1461754 0.1883999 0.1110251 0.1794818 0.1956579 0.2079071 0.1996640 0.1963814 0.1862524 0.1898718 0.1763867 0.1895194 0.1752793 0.2367060 0.2951155 0.3389288 0.2155980 0.2358125 0.4303012 0.4997968 1.3516532 
XM_059152342_1_PREDICTED_Mustela_lutreola_zinc_finger_protein_805_ZNF805_transcript_variant_X1_mRNA              0.1729737 0.1767928 0.1753602 0.1726551 0.1853922 0.1805558 0.1805676 0.1801048 0.1859001 0.1867519 0.1841743 0.1857785 0.1862850 0.1936103 0.1831292 0.1937404 0.1469133 0.1388859 0.1369254 0.1655140 0.1296885 0.1289628 0.1072191 0.1183495 0.1211948 0.1071683 0.1185203 0.1146076 0.1212321 0.0814531 0.0865754 0.0803200 0.0668187 0.1018959 0.1032875 0.0153793 0.0193200 0.0000000 0.0032260 0.0362429 0.1385992 0.1387962 0.1923087 0.1136987 0.1868905 0.1942125 0.2050845 0.1960594 0.2112277 0.2025129 0.1931837 0.1828475 0.1970732 0.1825218 0.2313557 0.2878859 0.3485653 0.2207951 0.2275920 0.4365540 0.5035228 1.3231288 
XM_059383183_1_PREDICTED_Mustela_nigripes_zinc_finger_protein_805_ZNF805_transcript_variant_X1_mRNA              0.1713664 0.1751761 0.1737461 0.1710516 0.1837464 0.1789234 0.1789348 0.1784708 0.1842553 0.1851046 0.1841504 0.1840505 0.1846428 0.1919343 0.1823583 0.1929522 0.1445117 0.1359154 0.1339746 0.1623784 0.1303988 0.1296722 0.1072209 0.1176327 0.1211808 0.1071701 0.1153780 0.1118426 0.1170524 0.0801397 0.0839391 0.0790269 0.0668196 0.0991865 0.1005705 0.0131534 0.0181952 0.0032260 0.0000000 0.0350696 0.1364219 0.1366154 0.1906262 0.1127648 0.1868961 0.1941866 0.2041458 0.1943503 0.2094751 0.2007798 0.1914784 0.1812015 0.1953717 0.1808798 0.2278306 0.2858351 0.3496833 0.2189099 0.2238114 0.4348185 0.5015227 1.3284884 
XM_047710679_1_PREDICTED_Lutra_lutra_zinc_finger_protein_805_ZNF805_transcript_variant_X1_mRNA                   0.1754956 0.1793626 0.1779135 0.1767180 0.1880220 0.1844141 0.1867241 0.1862619 0.1901156 0.1909809 0.1852074 0.1817749 0.1889164 0.1984402 0.1870507 0.1996354 0.1523950 0.1415113 0.1410714 0.1700426 0.1306285 0.1298968 0.1082883 0.1251889 0.1268595 0.1083466 0.1127042 0.0944298 0.1007587 0.0662334 0.0805301 0.0644202 0.0683976 0.0878870 0.0892301 0.0272626 0.0220935 0.0362429 0.0350696 0.0000000 0.1456023 0.1458135 0.1867246 0.1146197 0.1800825 0.1954998 0.2016333 0.1970311 0.1977191 0.1949032 0.1928534 0.1808347 0.1974725 0.1797040 0.2371912 0.2997114 0.3390861 0.2224273 0.2376149 0.4437946 0.5144265 1.3540528 
XM_072968360_1_PREDICTED_Vicugna_pacos_zinc_finger_protein_805_ZNF805_mRNA                                       0.1675304 0.1671632 0.1697171 0.1642327 0.1737815 0.1686864 0.1770455 0.1754715 0.1739805 0.1739773 0.1722797 0.1780887 0.1735553 0.1826512 0.1824117 0.1994427 0.1233028 0.1156732 0.1175775 0.1498985 0.1335948 0.1328728 0.1129886 0.1124181 0.0963600 0.0882988 0.1537867 0.1460642 0.1520174 0.1425499 0.1497948 0.1405518 0.1204559 0.1555021 0.1551834 0.1484283 0.1459650 0.1385992 0.1364219 0.1456023 0.0000000 0.0201623 0.1939705 0.1291639 0.1849074 0.1829676 0.2007594 0.1875398 0.1981914 0.1926483 0.1826395 0.1713482 0.1802618 0.1621739 0.2231207 0.2701686 0.3326936 0.2242862 0.2110914 0.4310883 0.4965795 1.3817237 
XM_010961969_3_PREDICTED_Camelus_bactrianus_zinc_finger_protein_805_ZNF805_transcript_variant_X1_mRNA            0.1721074 0.1702261 0.1743598 0.1687802 0.1800398 0.1718091 0.1817519 0.1809572 0.1778177 0.1778143 0.1761045 0.1830352 0.1773812 0.1850574 0.1881413 0.2021399 0.1256368 0.1168721 0.1189177 0.1422502 0.1400754 0.1393452 0.1192245 0.1206893 0.1002025 0.0907419 0.1556950 0.1491142 0.1565979 0.1461730 0.1519690 0.1441688 0.1223211 0.1562561 0.1551746 0.1486431 0.1461754 0.1387962 0.1366154 0.1458135 0.0201623 0.0000000 0.1950108 0.1322112 0.1867536 0.1887315 0.2025197 0.1883493 0.1984315 0.1912276 0.1836159 0.1735913 0.1867566 0.1643808 0.2284749 0.2751248 0.3284071 0.2247735 0.2091124 0.4373380 0.5015499 1.3831222 
XM_006915918_3_PREDICTED_Pteropus_alecto_zinc_finger_protein_805_ZNF805_transcript_variant_X3_mRNA               0.1969661 0.1944157 0.1999048 0.1990011 0.2063719 0.2050733 0.2109727 0.2105357 0.2054277 0.2054234 0.2039857 0.2007370 0.2025119 0.2082752 0.2131211 0.2291607 0.1804701 0.1620673 0.1638045 0.1966021 0.1244690 0.1240052 0.1431885 0.1584013 0.1543092 0.1372696 0.1934609 0.1880641 0.1944731 0.1751660 0.1825306 0.1771605 0.1507839 0.1802427 0.1790889 0.1943721 0.1883999 0.1923087 0.1906262 0.1867246 0.1939705 0.1950108 0.0000000 0.1931765 0.1931797 0.2016774 0.2089034 0.1992254 0.2281886 0.2284629 0.2160172 0.1991711 0.2029260 0.1923619 0.2488985 0.3390966 0.2765046 0.2113502 0.2604168 0.5049434 0.5369587 1.3317975 
XM_029924784_1_PREDICTED_Suricata_suricatta_zinc_finger_protein_805_ZNF805_mRNA                                  0.1829757 0.1780732 0.1833760 0.1813866 0.1875126 0.1937712 0.1980290 0.1984462 0.2003889 0.2014122 0.1971169 0.1989490 0.1975508 0.1951498 0.2030943 0.2044952 0.1483186 0.1331106 0.1319799 0.1586181 0.1441334 0.1431757 0.1408486 0.1456906 0.1358078 0.1384844 0.0700464 0.0716141 0.0718244 0.1183326 0.1164939 0.1220206 0.1234647 0.1327966 0.1366834 0.1144648 0.1110251 0.1136987 0.1127648 0.1146197 0.1291639 0.1322112 0.1931765 0.0000000 0.1767477 0.1796008 0.1883723 0.1839226 0.2086057 0.2006006 0.2112141 0.1946941 0.2134215 0.1889896 0.2117389 0.2457996 0.1997680 0.2234997 0.2635809 0.4699656 0.5301098 1.1566396 
XM_005861700_2_PREDICTED_Myotis_brandtii_zinc_finger_protein_805_ZNF805_transcript_variant_X2_mRNA               0.2178351 0.2123538 0.2211634 0.2149091 0.2241443 0.2140681 0.2203963 0.2217114 0.2270558 0.2270501 0.2281116 0.2238975 0.2246793 0.2201156 0.2214544 0.2411436 0.1803424 0.1721068 0.1721684 0.1983341 0.1668541 0.1660128 0.1403146 0.1652084 0.1572693 0.1362589 0.1941293 0.1823143 0.1912726 0.1733431 0.1715761 0.1730455 0.1529084 0.1840879 0.1837119 0.1885036 0.1794818 0.1868905 0.1868961 0.1800825 0.1849074 0.1867536 0.1931797 0.1767477 0.0000000 0.0180613 0.0395153 0.0752814 0.2417033 0.2482519 0.2431635 0.2070954 0.2132418 0.1998050 0.2600100 0.3153428 0.2880289 0.1693292 0.2718355 0.4871307 0.5764630 1.4231414 
XM_070401676_1_PREDICTED_Myotis_yumanensis_zinc_finger_protein_805_ZNF805_mRNA                                   0.2189297 0.2162485 0.2220544 0.2151762 0.2244968 0.2146059 0.2188609 0.2200838 0.2260482 0.2260430 0.2253609 0.2247480 0.2238331 0.2212424 0.2236277 0.2460446 0.1806115 0.1745965 0.1744856 0.2001581 0.1697747 0.1689839 0.1438001 0.1649696 0.1615408 0.1397745 0.2026377 0.1975555 0.2037294 0.1907679 0.2089371 0.1919625 0.1584695 0.2037345 0.2033366 0.2035034 0.1956579 0.1942125 0.1941866 0.1954998 0.1829676 0.1887315 0.2016774 0.1796008 0.0180613 0.0000000 0.0437839 0.0860655 0.2594017 0.2615593 0.2465441 0.2198980 0.2274858 0.2136650 0.2565798 0.2962711 0.3624844 0.1803549 0.2695437 0.4855838 0.5776132 1.3903483 
XM_059664992_1_PREDICTED_Myotis_daubentonii_zinc_finger_protein_805_ZNF805_transcript_variant_X1_mRNA            0.2317276 0.2308664 0.2359624 0.2304975 0.2398210 0.2290379 0.2351461 0.2364346 0.2363776 0.2363719 0.2356793 0.2374935 0.2358253 0.2350753 0.2390977 0.2590965 0.1946954 0.1901420 0.1923937 0.2082417 0.1831788 0.1823582 0.1572692 0.1768484 0.1742505 0.1595577 0.2155925 0.2111895 0.2118232 0.2035274 0.2198045 0.2031293 0.1726217 0.2180713 0.2176336 0.2124655 0.2079071 0.2050845 0.2041458 0.2016333 0.2007594 0.2025197 0.2089034 0.1883723 0.0395153 0.0437839 0.0000000 0.1006277 0.2650466 0.2644601 0.2545746 0.2294007 0.2345780 0.2205185 0.2736482 0.3112455 0.3763157 0.1750563 0.2820318 0.4937837 0.5488023 1.3772303 
XM_054710409_1_PREDICTED_Eptesicus_fuscus_zinc_finger_protein_805_ZNF805_mRNA                                    0.2143327 0.2142413 0.2165638 0.2113875 0.2252635 0.2124241 0.2190613 0.2202894 0.2222792 0.2240190 0.2234149 0.2201139 0.2201576 0.2170239 0.2288872 0.2415307 0.1835354 0.1824023 0.1825342 0.1968477 0.1773378 0.1765323 0.1466357 0.1649003 0.1607388 0.1408510 0.1911304 0.1958262 0.1977833 0.1871997 0.1982133 0.1944691 0.1591912 0.2105736 0.2092947 0.2083537 0.1996640 0.1960594 0.1943503 0.1970311 0.1875398 0.1883493 0.1992254 0.1839226 0.0752814 0.0860655 0.1006277 0.0000000 0.2486215 0.2455471 0.2363613 0.2158337 0.2196406 0.2098964 0.2585660 0.3104962 0.3616296 0.1966038 0.2639302 0.5026920 0.5449600 1.3625566 
XM_024979418_2_PREDICTED_Bos_taurus_zinc_finger_protein_805_ZNF805_transcript_variant_X1_mRNA                    0.1924695 0.1900911 0.1947276 0.1885458 0.1972366 0.1991715 0.2034563 0.2038046 0.1989188 0.1973285 0.2031147 0.1986085 0.1984968 0.2133660 0.2161123 0.2346498 0.1462363 0.1526581 0.1405686 0.1716069 0.1785723 0.1793817 0.1591518 0.1700798 0.1666715 0.1542458 0.2135301 0.1938210 0.1963977 0.1811599 0.1952943 0.1799530 0.1773502 0.2063251 0.2054848 0.2000365 0.1963814 0.2112277 0.2094751 0.1977191 0.1981914 0.1984315 0.2281886 0.2086057 0.2417033 0.2594017 0.2650466 0.2486215 0.0000000 0.0426944 0.0491799 0.1280038 0.1163057 0.1250179 0.2567559 0.3431710 0.3818261 0.2355687 0.2832896 0.5002665 0.5778505 1.4084861 
XM_040251742_1_PREDICTED_Oryx_dammah_zinc_finger_protein_805_ZNF805_transcript_variant_X1_mRNA                   0.1930467 0.1922938 0.1953040 0.1907455 0.2003376 0.2059313 0.2093738 0.2114091 0.2030237 0.2030195 0.2039726 0.1976294 0.2018079 0.2170663 0.2195822 0.2355505 0.1448566 0.1484384 0.1454984 0.1641615 0.1856347 0.1864527 0.1681752 0.1774865 0.1721117 0.1575694 0.2075318 0.1903273 0.1913094 0.1803535 0.1913238 0.1823290 0.1807784 0.1986701 0.1994466 0.1915087 0.1862524 0.2025129 0.2007798 0.1949032 0.1926483 0.1912276 0.2284629 0.2006006 0.2482519 0.2615593 0.2644601 0.2455471 0.0426944 0.0000000 0.0419077 0.1380260 0.1267177 0.1329286 0.2626187 0.3329224 0.3820376 0.2341704 0.2856996 0.4993417 0.5576754 1.3772618 
XM_069552112_2_PREDICTED_Ovis_canadensis_zinc_finger_protein_805_ZNF805_transcript_variant_X2_mRNA               0.1896379 0.1884827 0.1930852 0.1865446 0.1980121 0.1980817 0.1998123 0.2026464 0.2002087 0.2002046 0.2011533 0.2008990 0.1997163 0.2090158 0.2164999 0.2330777 0.1344385 0.1401296 0.1349769 0.1569601 0.1722025 0.1730033 0.1649235 0.1690788 0.1567471 0.1515225 0.2122775 0.1976868 0.1983970 0.1774845 0.1765108 0.1762699 0.1733649 0.2010421 0.2018267 0.1935125 0.1898718 0.1931837 0.1914784 0.1928534 0.1826395 0.1836159 0.2160172 0.2112141 0.2431635 0.2465441 0.2545746 0.2363613 0.0491799 0.0419077 0.0000000 0.1305649 0.1214052 0.1275544 0.2542774 0.3416834 0.3705540 0.2357172 0.2729844 0.5117299 0.5647182 1.3680755 
XM_073796317_1_PREDICTED_Tursiops_truncatus_zinc_finger_protein_805_ZNF805_transcript_variant_X13_mRNA           0.1735017 0.1723804 0.1775690 0.1689879 0.1784594 0.1758150 0.1829713 0.1841289 0.1785467 0.1785433 0.1793442 0.1714816 0.1781029 0.1926116 0.1920357 0.2024085 0.1602253 0.1483548 0.1518184 0.1831322 0.1419901 0.1412443 0.1235312 0.1329409 0.1074636 0.0917289 0.1879614 0.1753537 0.1874395 0.1551270 0.1585461 0.1562736 0.1448221 0.1723321 0.1700128 0.1822297 0.1763867 0.1828475 0.1812015 0.1808347 0.1713482 0.1735913 0.1991711 0.1946941 0.2070954 0.2198980 0.2294007 0.2158337 0.1280038 0.1380260 0.1305649 0.0000000 0.0214742 0.0619681 0.2402866 0.3349083 0.3468690 0.2341008 0.2589830 0.4710035 0.5702199 1.4198806 
XM_067720522_1_PREDICTED_Pseudorca_crassidens_zinc_finger_protein_805_ZNF805_transcript_variant_X1_mRNA          0.1694005 0.1683001 0.1734178 0.1649528 0.1742954 0.1766924 0.1806801 0.1818259 0.1744357 0.1744325 0.1752235 0.1688517 0.1740065 0.1918802 0.1887630 0.1995124 0.1661602 0.1628104 0.1656247 0.1955314 0.1546731 0.1539039 0.1379755 0.1453229 0.1230321 0.1097972 0.2013867 0.1892199 0.1967355 0.1682891 0.1727074 0.1718912 0.1652286 0.1870321 0.1862091 0.1955554 0.1895194 0.1970732 0.1953717 0.1974725 0.1802618 0.1867566 0.2029260 0.2134215 0.2132418 0.2274858 0.2345780 0.2196406 0.1163057 0.1267177 0.1214052 0.0214742 0.0000000 0.0262533 0.2357216 0.3394385 0.3739516 0.2184997 0.2635096 0.4769806 0.5727775 1.4193019 
XM_022564902_2_PREDICTED_Delphinapterus_leucas_zinc_finger_protein_805_ZNF805_transcript_variant_X2_mRNA         0.1680004 0.1669046 0.1713186 0.1635650 0.1728854 0.1710480 0.1781171 0.1792528 0.1729698 0.1729666 0.1737557 0.1664708 0.1725448 0.1869145 0.1854529 0.1949809 0.1589750 0.1423985 0.1457960 0.1750445 0.1379461 0.1372076 0.1187326 0.1289893 0.0988811 0.0830342 0.1803324 0.1703026 0.1807132 0.1533024 0.1574661 0.1544391 0.1426818 0.1704094 0.1681095 0.1810993 0.1752793 0.1825218 0.1808798 0.1797040 0.1621739 0.1643808 0.1923619 0.1889896 0.1998050 0.2136650 0.2205185 0.2098964 0.1250179 0.1329286 0.1275544 0.0619681 0.0262533 0.0000000 0.2336727 0.3301687 0.3461487 0.2285046 0.2604090 0.4566753 0.5595429 1.4410000 
